;PPIND;FICE;STATE;TYPE;AVRMATH;AVRVERB;AVRCOMB;AVR_ACT;MATH_1;MATH_3;VERB_1;VERB_3;ACT_1;ACT_3;APP_REC;APP_ACC;NEW_STUD;NEW10;NEW25;FULLTIME;PARTTIME;IN_STATE;OUT_STAT;R_B_COST;ROOM;BOARD;ADD_FEE;BOOK;PERSONAL;PH_D;TERM_D;SF_RATIO;DONATE;INSTRUCT;GRADUAT;SAL_FULL;SAL_AC;SAL_AS;SAL_ALL;COMP_FUL;COMP_AC;COMP_AS;COMP_ALL;NUM_FULL;NUM_AC;NUM_AS;NUM_INS;NUM_ALL
Auburn University-Ma;1;1009;AL;I;575;501;1076;24;520;638;453;559;21;27;7548;6791;3070;25;57;16262;1716;2100;6300;3933;;;;600;1908;85;91;16,7;18;6642;69;580;437;374;455;692;527;451;546;366;354;301;66;1109
University of Alabam;1;1051;AL;I;;;;23;;;;;20;25;7593;5972;2682;;57;13780;1599;2172;5424;3530;1600;1930;;580;1654;80;91;17,3;29;6426;50;605;447;382;463;746;563;483;580;267;206;206;76;762
University of Alabam;1;1052;AL;I;;;;21;;;;;18;24;1797;1260;938;24;35;6960;4698;2220;4440;5175;1935;3240;291;750;2200;96;96;6,7;16;16352;33;633;445;366;461;786;569;475;587;106;163;107;19;406
University of Alaska;1;1063;AK;I;499;462;961;22;;;;;;;1852;1427;928;;;3885;4519;1742;5226;3590;1800;1790;155;650;2304;67;;10;8;11935;;686;560;432;508;914;753;572;677;74;125;118;40;404
Arizona State Univer;1;1081;AZ;I;521;453;974;23;450;590;390;500;20;25;12809;10308;3761;24;49;22593;7585;1828;7434;4850;;;66;700;2100;88;93;18,9;5;4602;48;603;449;399;489;723;549;489;593;576;445;251;7;1383
Northern Arizona Uni;1;1082;AZ;I;495;444;939;22;420;560;380;500;19;24;5891;4931;1973;23;48;11249;2682;1828;6746;3728;1890;1838;66;620;2342;78;83;21,7;7;6157;41;511;422;359;412;619;518;446;507;173;192;175;33;608
University of Arizon;1;1083;AZ;I;526;462;983;23;450;600;400;520;20;26;14079;12238;4529;29;57;21664;4894;1828;7434;4216;2186;2030;66;620;2550;91;95;19,6;;9683;49;648;462;411;537;771;561;498;645;647;377;272;2;1349
University of Arkans;1;1108;AR;I;;;;;;;;;20;26;3235;3108;2133;25;65;9978;1530;1932;5028;3300;3300;;122;500;2000;73;89;14,8;10;6820;39;563;436;379;452;686;531;461;550;314;198;225;54;806
California Institute;2;1131;CA;I;750;660;1410;;740;780;610;700;;;1916;507;210;98;;912;;16695;16695;5051;;;210;735;3466;;;6,5;36;62469;83;970;733;576;866;1204;909;717;1075;173;40;44;0;257
Stanford University ;2;1305;CA;I;736;665;1401;31;650;750;580;690;26;33;13608;2926;1616;88;97;6573;;18669;18669;6795;;;;840;1355;;99;9,7;25;33629;96;952;658;519;824;1144;814;653;1000;533;139;145;0;834
University of Califo;1;1312;CA;I;654;564;1218;;590;730;500;640;;;19873;8252;3215;95;;19532;2061;3949;11648;6246;;;;636;1933;93;97;15,8;10;13919;78;764;513;433;650;939;631;533;799;834;229;209;0;1346
University of Califo;1;1313;CA;I;585;485;1070;24;520;650;420;560;21;27;16343;11399;3124;95;;15429;1888;;7699;5285;;;4374;841;2374;;98;14,5;11;15873;76;683;478;404;561;840;588;496;689;535;190;234;0;1072
University of Califo;1;1314;CA;I;574;455;1029;;510;640;390;510;;;15698;10775;2478;85;;12677;864;4325;12024;5302;;;;790;1818;96;96;16,1;11;15934;66;708;488;423;574;870;599;520;705;319;161;138;0;673
University of Califo;1;1315;CA;I;621;520;1141;;558;700;460;590;;;22165;10435;3591;93;;21637;1255;;7689;5580;;;3894;850;1255;97;99;11,8;9;20260;77;741;497;421;609;910;611;517;748;817;267;298;0;1499
University of Califo;1;1316;CA;I;542;440;982;23;470;620;360;510;19;25;9798;7566;1470;80;;6922;265;;7699;5430;;;4092;780;1350;98;99;13,4;8;12528;62;670;461;390;514;824;567;479;632;183;80;140;0;441
University of Califo;1;1317;CA;I;616;515;1131;26;560;680;460;570;23;28;19433;11469;2481;95;;13738;711;;7699;6607;;;4128;630;1935;;;13,9;6;17674;66;723;487;401;595;888;598;493;732;405;147;130;0;734
University of Califo;1;1320;CA;I;547;459;1006;;520;610;400;490;;;16663;14141;3239;90;;15638;693;;11218;5990;;;4372;630;2045;96;;18,9;6;9475;69;712;473;401;578;875;581;493;711;371;125;145;0;694
University of Califo;1;1321;CA;I;554;505;1059;;490;620;440;580;;;10758;8559;1717;94;;8713;607;;7699;6081;6081;;4110;633;1191;94;;21,3;10;10860;59;677;464;391;537;832;570;481;660;186;93;92;0;413
University of Southe;2;1328;CA;I;592;498;1090;25;520;660;430;570;22;28;12229;8498;2477;45;71;13259;1429;17230;17230;6482;3566;2916;330;600;2210;90;94;11,4;10;17007;68;802;574;484;641;1016;751;636;825;485;354;286;27;1165
University of Northe;1;1349;CO;I;480;440;920;22;420;540;380;480;19;24;5530;4007;1697;12;37;8463;1498;1829;7731;4128;;;398;540;2286;75;75;21,5;8;6309;40;480;390;333;385;565;463;399;458;151;111;129;35;467
Colorado State Unive;1;1350;CO;I;545;479;1024;25;490;610;430;540;22;27;9478;6312;2194;29;65;15646;1829;2124;8412;4180;4180;;585;470;1800;87;89;19,2;10;7850;59;598;447;403;517;714;534;481;617;483;255;188;0;926
University of Colora;1;1370;CO;I;;;;;500;630;440;540;22;28;14063;9320;3436;28;65;18465;1541;2230;12563;3811;3811;;459;540;2319;90;90;19,9;;8703;66;652;494;421;528;797;615;519;649;457;301;227;93;1081
University of Denver;2;1371;CO;I;540;470;1010;24;470;590;430;540;21;27;2974;2001;580;29;60;2666;554;15192;15192;4695;4695;;330;400;1350;84;91;15,9;21;11762;67;623;479;430;509;756;588;525;620;142;106;101;6;378
Yale University     ;2;1426;CT;I;;;;;650;750;600;710;;;10705;2453;1317;95;99;5217;83;19840;19840;6510;3040;3470;;630;2115;96;96;5,8;49;40386;99;928;522;444;708;1127;643;548;863;404;118;191;6;767
University of Delawa;2;1431;DE;I;;;1035;;500;610;450;530;;;14446;10516;3252;22;57;14130;4522;3690;10220;4230;2280;1950;410;530;1300;82;87;18,3;15;10650;75;723;531;422;556;922;693;554;721;341;319;217;65;953
American University ;2;1434;DC;I;583;550;1133;;530;625;500;610;;;4613;3587;1048;35;77;4545;873;15934;15934;6400;2440;3960;210;450;800;;93;13,6;9;11803;69;746;520;417;555;897;641;505;673;165;119;125;37;446
Catholic University ;2;1437;DC;I;;;;;490;610;460;570;22;28;1754;1465;505;24;49;2159;211;13712;13712;6408;3622;2786;460;526;1100;90;96;9,3;18;12751;75;611;449;385;482;718;533;459;570;123;141;104;6;374
George Washington Un;2;1444;DC;I;;;;;530;650;490;600;24;29;7875;5062;1492;38;71;5471;1470;17450;17450;6328;3998;2330;720;700;950;92;93;7,6;15;14745;72;729;542;447;610;874;653;536;733;316;175;134;12;637
Georgetown Universit;2;1445;DC;I;;;;;600;690;540;650;26;31;11115;2881;1390;71;93;5881;406;18300;18300;7131;2590;4541;156;670;1700;91;92;7,2;27;19635;95;857;552;427;618;1080;710;546;785;192;157;154;25;528
Howard University   ;2;1448;DC;I;457;426;883;20;390;510;360;470;17;22;9776;3164;1666;;;6705;874;7128;7128;3750;2050;1700;615;300;;78;86;7,5;4;18287;46;656;483;403;481;780;591;494;587;241;282;189;111;891
Florida State Univer;1;1489;FL;I;;;;;510;630;460;560;23;27;11651;8683;3023;50;90;18906;3242;1780;6680;4060;1910;2150;;600;1020;80;89;23,1;15;7250;58;564;399;378;473;729;525;494;616;510;316;192;16;1038
University of Florid;1;1535;FL;I;;;;;550;670;470;580;24;28;12445;8836;3623;54;85;24470;3286;1820;7090;4180;1960;2220;;630;1530;88;97;13,4;20;14737;66;613;430;399;501;790;567;527;653;981;721;510;49;2261
University of Miami ;2;1536;FL;I;;;;;490;640;430;560;21;27;7122;5386;1643;42;69;7760;876;16500;16500;6526;3810;2716;180;630;1985;82;94;5,9;17;17500;59;693;510;408;513;895;654;514;659;291;200;147;20;769
University of South ;1;1537;FL;I;553;492;1045;23;500;610;430;550;20;25;7589;4676;1876;29;63;14770;10962;1856;6760;3776;1806;1970;;500;2180;84;89;17;7;11020;47;571;418;369;455;735;547;483;591;387;319;239;45;1038
Emory University    ;2;1564;GA;I;650;570;1220;28;600;700;530;610;26;30;8506;4168;1236;76;97;5544;192;17600;17600;6000;3600;2400;230;600;870;97;98;5;28;28457;96;796;547;451;608;972;686;567;753;203;177;161;8;549
Georgia Institute of;1;1569;GA;I;;;;;630;720;520;610;;;7837;4527;2276;89;99;8528;654;1899;6489;4438;4438;;444;795;1164;92;92;19,3;33;11271;70;684;517;462;558;862;665;594;711;235;206;167;17;626
Georgia State Univer;1;1574;GA;I;;;;;410;520;370;480;18;23;3793;2341;1238;9;24;7732;9054;2154;6744;2655;2655;;246;720;3450;87;89;19;10;7762;34;666;474;390;502;817;594;493;624;258;254;241;40;793
University of Georgi;1;1598;GA;I;571;515;1086;;520;640;470;570;;;11220;7871;3320;43;79;19553;2748;1899;5697;3600;1770;1830;453;525;1755;88;95;14,7;22;7881;63;619;444;378;489;768;553;464;607;650;552;391;64;1658
University of Hawaii;1;1610;HI;I;537;441;978;;470;600;380;500;;;3580;2603;1627;36;69;11028;2411;1460;4460;3038;1808;1230;97;687;1281;85;87;11,8;6;12833;54;713;532;458;570;887;677;587;719;442;285;272;;1099
University of Idaho ;1;1626;ID;I;517;463;980;23;420;580;390;530;19;25;3133;2799;1337;24;49;7242;1431;1548;5962;3540;;;;832;;82;95;13,5;18;8805;45;514;408;373;438;640;514;472;550;217;165;155;9;546
Illinois Institute o;2;1691;IL;I;603;499;1102;25;540;670;440;560;22;28;1756;1360;478;42;77;1911;626;14550;14550;4620;;;40;500;700;80;88;12,3;26;12851;56;680;480;452;512;836;606;558;636;93;81;73;11;287
Illinois State Unive;1;1692;IL;I;;;;22;;;;;19;25;8681;6695;2408;10;35;15701;1823;2600;7799;3403;3403;;815;537;2605;77;84;21;16;5569;54;548;436;373;460;638;514;445;541;289;187;244;0;720
Loyola University Ch;2;1710;IL;I;529;482;1011;24;470;590;430;540;21;26;3579;2959;868;25;55;5244;3417;11500;11500;5330;;;350;700;2000;94;95;6,2;15;13009;65;761;536;433;570;924;664;536;701;164;230;163;6;563
Northern Illinois Un;1;1737;IL;I;;;;22;;;;;20;25;10706;7219;2397;12;37;14826;1979;2600;7799;3296;3296;;950;470;1750;73;78;17,3;11;6086;56;578;435;375;440;667;509;443;515;314;266;246;112;944
Northwestern Univers;2;1739;IL;I;670;600;1270;29;610;720;540;640;27;31;12289;5200;1902;85;98;7450;45;16404;16404;5520;;;;759;1585;96;;6,8;25;26385;92;860;596;496;712;1045;735;602;868;460;209;203;0;872
Southern Illinois Un;1;1758;IL;I;;;;22;;;;;18;23;;;2158;;;16961;2499;2318;6953;3256;1920;1336;864;600;2608;71;;14,9;6;9158;44;564;436;359;422;657;517;431;500;272;255;313;33;977
University of Chicag;2;1774;IL;I;;;;;630;720;570;680;27;31;6348;2999;922;68;94;3340;39;18930;18930;6380;3070;3310;486;500;1254;99;99;5,3;36;36854;90;894;586;515;742;1104;724;636;916;467;138;161;36;802
University of Illino;1;1775;IL;I;617;522;1139;27;550;700;470;580;23;29;14939;11652;5705;52;88;25422;911;2760;7560;4574;1780;2794;920;500;1982;87;90;17,4;13;8559;81;682;493;421;570;783;574;494;659;927;520;393;1;1868
University of Illino;1;1776;IL;I;;;;21;;;;;18;23;8384;5727;2710;22;50;13518;2916;2520;7230;5088;3198;1890;1108;630;3228;82;84;10;6;13883;34;656;476;411;513;755;555;483;596;401;369;296;20;1135
Ball State Universit;1;1786;IN;I;473;422;895;21;400;530;360;470;18;24;9361;7910;3849;38;50;16148;2207;2864;7244;3608;3608;;;500;1500;69;;17,7;25;7449;51;517;410;332;384;666;537;438;501;297;160;350;155;965
Indiana University a;1;1809;IN;I;530;466;996;24;;;;;;;16587;13243;5873;25;72;24763;2717;2984;9766;3990;;;389;600;2000;77;88;21,3;24;8686;68;674;479;399;540;852;615;507;685;624;344;305;1;1361
Purdue University at;1;1825;IN;I;545;453;998;24;470;620;390;510;22;27;21804;18744;5874;29;60;26213;4065;2884;9556;3990;;;;570;1060;86;86;18,2;15;8604;67;721;485;423;562;920;631;548;722;603;411;400;29;1443
University of Notre ;2;1840;IN;I;650;570;1220;;620;720;540;640;;;7700;3700;1906;79;96;7671;30;16850;16850;4400;4400;;147;600;1350;96;92;13,1;46;13936;97;798;562;470;637;985;701;573;787;274;195;164;11;644
Iowa State Universit;1;1869;IA;I;;;;;530;640;380;460;22;27;8427;7424;3441;26;59;18676;1715;2291;7550;3224;3224;;162;640;2055;81;88;19,2;22;8420;65;684;506;404;534;842;635;514;666;467;353;284;84;1188
University of Iowa  ;1;1892;IA;I;;;;;;;;;22;27;9224;8025;3262;23;52;15412;2878;2291;8149;3423;;;164;640;2426;;98;13,1;37;12194;62;706;509;432;579;872;643;549;723;486;308;260;10;1064
Kansas State Univers;1;1928;KS;I;;;;;;;;;19;26;5880;4075;2833;25;55;14914;2246;1713;6995;3120;3120;;403;600;2000;76;86;18,5;22;6122;54;550;419;368;440;686;530;466;554;305;231;259;63;858
University of Kansas;1;1948;KS;I;;;;23;;;;;20;26;8579;5561;3681;25;50;17880;1673;1650;6994;3384;;;388;700;2681;88;94;13,7;17;9657;57;579;422;367;485;714;529;458;603;474;297;204;6;981
University of Kentuc;1;1989;KY;I;;;;25;;;;;21;26;7769;5689;2675;;;14931;2596;2160;6640;3226;;;330;450;1340;95;97;12,2;12;11098;52;634;473;418;521;760;574;504;628;470;416;308;6;1200
University of Louisv;1;1999;KY;I;;;;21;;;;;;;4777;3057;1823;16;33;9844;6198;2180;6540;3600;;;210;530;2440;84;92;11,1;24;10207;31;584;442;368;476;715;547;449;584;276;208;169;12;674
Louisiana State Univ;1;2010;LA;I;529;468;997;23;460;610;400;540;20;26;5996;4993;3079;29;57;16269;3757;2625;5925;2980;1720;1260;75;600;2242;83;87;15,9;11;6741;37;594;437;379;464;711;527;461;559;561;387;313;178;1439
Tulane University   ;2;2029;LA;I;;;;;560;670;490;616;;;7033;5125;1223;47;75;4941;1534;19040;19040;5950;2690;3260;510;350;800;98;98;9,1;21;16920;74;713;514;418;564;876;646;514;699;172;166;115;3;456
University of Southw;1;2031;LA;I;;;;19;;;;;16;21;4299;4250;2664;;;11767;3219;1898;4898;2082;;;;560;;63;67;22,7;9;4099;30;533;409;359;402;633;493;434;483;147;136;167;98;548
University of Maine ;1;2053;ME;I;525;464;989;;460;580;410;520;;;5260;4589;1741;23;52;7366;1795;3085;7975;4385;4385;;;500;;93;93;14,5;;7379;56;574;436;366;449;716;552;463;566;122;197;102;19;452
Johns Hopkins Univer;2;2077;MD;I;686;606;1292;30;660;740;560;660;;;8474;3446;911;75;94;3566;1569;18800;18800;6740;3815;2925;;500;1040;96;97;3,3;38;56233;90;798;542;435;593;972;677;551;734;330;110;160;52;767
University of Maryla;1;2103;MD;I;584;501;1085;;530;640;440;550;;;14292;10315;3409;22;53;19340;3991;2919;8723;5146;2899;2247;561;550;1550;89;92;18,1;12;9021;63;703;487;406;539;865;608;505;669;535;388;163;133;1285
University of Maryla;1;2105;MD;I;578;505;1083;23;510;640;440;560;;;4269;2594;985;27;57;6476;2592;3338;8594;4408;1930;2478;;494;2768;82;88;18,4;6;7618;55;638;455;395;464;783;571;491;577;87;119;104;32;353
Boston College      ;2;2128;MA;I;;;;;600;690;520;610;;;13112;6179;2154;66;94;8807;;16640;16640;6960;3130;3830;448;500;1300;95;95;16,6;27;10989;90;784;569;496;614;964;717;604;761;165;245;126;10;556
Brandeis University ;2;2133;MA;I;;;;;570;690;530;640;;;4186;2743;740;48;77;2819;62;19380;19380;6750;3500;3250;450;410;1000;90;97;9,8;24;17150;84;687;493;403;550;859;619;496;686;142;71;40;3;299
Harvard University  ;2;2155;MA;I;;;;;680;770;630;720;;;13865;2165;1606;90;;6862;320;18485;18485;6410;3370;3040;1335;500;1920;97;97;9,9;52;37219;;1009;559;500;793;1236;723;653;989;654;149;255;8;1172
University of Massac;1;2161;MA;I;504;447;951;;440;550;400;490;;;3986;3026;1093;8;29;5740;4182;4694;9838;4164;1774;2390;;500;1160;81;84;16,1;;7607;53;664;539;464;587;805;662;577;717;223;191;52;10;476
Massachusetts Instit;2;2178;MA;I;742;639;1381;31;720;780;570;690;29;33;6411;2140;1078;96;99;4481;28;20100;20100;5975;3200;2775;600;725;1600;99;99;10,1;35;33541;94;903;637;528;757;1124;806;678;951;583;177;164;36;989
Northeastern Univers;2;2199;MA;I;531;467;998;23;460;600;410;520;20;26;11901;8492;2517;16;42;11160;10221;13380;13380;7425;3990;3435;186;600;1750;73;82;12,9;17;9563;46;688;525;460;543;880;689;599;705;236;260;176;0;730
Tufts University    ;2;2219;MA;I;;;;;610;700;540;630;;;7614;3605;1205;60;90;4598;;19701;19701;5968;3038;2930;503;600;928;99;;10,3;22;18981;92;735;549;447;592;964;710;607;777;148;157;98;2;405
University of Massac;1;2221;MA;I;;;;;460;590;410;520;;;14438;12414;3816;12;39;16282;1940;2220;8566;3897;1712;2185;3247;500;1400;88;92;16,7;15;10276;68;704;537;438;607;880;680;557;762;650;306;146;7;1172
Michigan State Unive;1;2290;MI;I;524;461;982;23;450;590;400;520;21;25;18114;15096;6180;23;57;26640;4120;4103;10658;3734;1646;2088;524;504;600;93;95;14;9;10520;71;651;493;413;555;843;663;569;732;949;494;350;47;1840
Wayne State Universi;1;2329;MI;I;;;;21;;;;;17;24;4219;3098;1543;;44;9778;10455;3271;7162;3271;;3271;;468;;85;88;10,9;;10538;41;683;525;447;535;846;664;560;669;317;267;216;8;925
Western Michigan Uni;1;2330;MI;I;;;;23;;;;;20;25;9167;7191;2738;24;53;15739;4278;2785;6940;4100;1675;2425;455;500;1700;80;84;24,7;11;5983;55;603;489;396;502;755;620;505;633;285;233;189;24;731
Mississippi State Un;1;2423;MS;I;;;;23;;;;;19;27;4255;3277;1609;18;57;10094;1621;4946;9866;3084;1684;1400;477;480;1479;77;77;15,9;20;6223;53;540;432;389;455;649;521;471;548;278;191;155;40;669
University of Missis;1;2440;MS;I;;;;;;;;;20;25;3844;3383;1669;26;47;7524;804;1996;4916;3810;1560;2250;548;600;550;81;86;20,3;14;6971;53;558;428;384;440;676;524;471;537;138;111;158;29;439
University of Southe;1;2441;MS;I;531;449;980;22;;;;;18;24;2850;2044;1046;20;50;9260;1387;2392;4652;2470;1120;1350;;500;500;78;99;18,7;23;5917;45;562;438;352;438;664;520;420;520;183;162;160;58;563
Saint Louis Universi;2;2506;MO;I;;;;;480;620;420;550;21;27;3294;2855;956;44;67;4576;1140;11690;11690;4730;2300;2430;80;800;6800;84;94;4,6;19;18367;67;657;475;402;500;783;575;484;600;133;111;120;31;395
University of Missou;1;2516;MO;I;564;502;1066;25;470;620;430;570;22;28;6574;4637;2940;32;62;14782;1583;3030;9057;3485;3485;;414;600;1983;87;87;12,7;15;10145;58;603;456;407;485;729;560;499;592;336;256;244;63;899
University of Missou;1;2517;MO;I;655;547;1202;27;590;710;480;600;25;31;1877;1826;823;49;77;3926;561;3030;9057;3600;;;551;700;1435;88;88;14,4;23;9699;49;663;508;454;564;802;626;557;686;114;79;56;4;253
University of Missou;1;2518;MO;I;;;;24;;;;;22;27;1901;1340;655;33;64;3416;1984;3475;9501;3685;1980;1705;;;;98;98;11,6;8;12453;44;580;445;381;473;702;545;467;577;151;167;107;9;434
University of Missou;1;2519;MO;I;;;;;;;;;20;25;1618;1141;479;18;54;4793;4552;2424;7246;3964;;;348;500;4288;71;73;13,4;15;6433;48;576;460;412;476;699;561;503;579;86;103;110;5;304
Washington Universit;2;2520;MO;I;;;;;600;710;510;620;26;31;7654;5259;1254;62;93;4879;1274;18350;18350;5775;3431;2344;184;768;1512;91;98;3,9;31;45702;90;782;534;451;601;952;652;540;730;264;136;175;18;620
Montana State Univer;1;2532;MT;I;520;440;960;23;450;600;390;510;20;25;3500;2836;1779;15;42;8730;993;1576;5552;3710;3710;;648;550;2300;75;83;17,6;8;6324;37;497;397;346;407;602;487;427;498;154;146;144;24;468
University of Montan;1;2536;MT;I;489;457;946;22;;;;;;;3314;2809;1563;;;7754;1388;2251;6311;3957;;;;550;;75;81;21,7;16;5862;30;446;365;323;392;537;442;395;474;200;79;95;16;390
University of Nebras;1;2565;NE;I;513;447;960;22;;;;;;;6277;6003;3526;33;63;16454;3171;2055;5595;3145;1375;1770;360;500;2070;86;92;15,1;48;6813;53;661;477;410;523;792;584;505;635;436;344;316;31;1127
University of Nevada;1;2568;NV;I;488;432;920;22;420;500;370;480;23;25;2868;2409;1524;;;5916;2939;1740;6490;4560;2635;1925;20;600;2900;78;80;15,4;12;10407;54;647;480;390;508;741;558;458;589;145;133;95;5;403
Dartmouth College   ;2;2573;NH;I;692;627;1319;;660;740;580;680;;;8587;2273;1087;87;99;3918;32;19545;19545;6070;3255;2815;105;550;1100;95;99;4,7;49;29619;98;785;536;429;610;1002;686;532;774;163;89;114;5;371
University of New Ha;1;2589;NH;I;536;476;1012;;480;600;430;530;;;9750;7640;2529;24;62;10358;1338;3550;11180;3862;1648;2214;830;650;2450;89;87;17,5;16;7855;75;587;454;375;482;729;575;483;607;196;253;127;0;576
Princeton University;2;2627;NJ;I;708;647;1355;;645;737;583;678;;;13218;2042;1153;90;98;4540;146;19900;19900;5910;2696;3214;400;675;1575;91;96;8,4;54;28320;99;963;564;437;749;1154;686;534;901;402;66;179;16;702
New Mexico Institute;1;2654;NM;I;;;;26;;;;;;;787;601;233;40;73;1017;411;1302;5376;3214;3214;;556;600;1100;99;;13,7;11;9241;34;538;421;405;448;648;512;494;544;39;32;29;5;108
New Mexico State Uni;1;2657;NM;I;;;;22;;;;;19;25;4119;3200;1663;;;9673;3481;1980;6432;3148;1588;1580;;550;1066;76;;19,6;;6106;40;524;433;360;434;641;531;444;533;202;167;196;17;582
Clarkson University ;2;2699;NY;I;612;518;1130;;570;660;450;580;;;2174;1953;557;35;68;2332;53;15960;15960;5580;2622;2958;323;700;1300;95;95;15,8;32;11659;77;703;515;475;563;875;658;593;707;55;58;43;5;161
Columbia University ;2;2707;NY;I;680;620;1300;;630;720;590;680;;;6756;1930;871;78;96;3376;55;18624;18624;6664;3740;2924;486;550;300;97;98;5,9;21;30639;99;882;554;452;687;1136;767;646;915;477;185;199;11;923
Cornell University  ;2;2711;NY;I;;;;;640;740;540;640;;;19227;7171;3286;81;95;13072;;19000;19000;6238;3658;2580;66;510;1060;91;91;6,9;22;22480;93;651;511;431;549;847;691;598;732;318;231;105;41;707
Fordham University  ;2;2722;NY;I;535;506;1041;;490;610;460;580;;;4200;2874;942;30;55;4740;1646;14235;14235;6965;6965;;170;600;1735;86;97;14,4;14;10864;80;744;573;444;590;945;729;557;748;166;183;140;9;498
Hofstra University  ;2;2732;NY;I;540;470;1010;24;480;590;430;560;23;27;7428;5860;1349;25;63;6534;1350;11600;11600;5920;3620;2300;650;1000;1000;81;90;13,9;10;10093;60;757;550;470;584;956;692;579;731;127;131;141;7;406
New York University ;2;2785;NY;I;604;542;1146;;550;650;490;600;;;13594;7244;2505;70;86;12408;2814;17748;17748;7262;;;991;450;1000;87;98;7,8;16;21227;71;887;591;507;683;1172;785;674;905;532;337;252;42;1231
Rensselaer Polytechn;2;2803;NY;I;;;;28;610;710;470;590;26;30;4996;4165;936;53;82;4291;16;17475;17475;5976;;;550;1230;1100;94;98;15,4;21;15605;70;750;548;475;640;922;703;601;799;190;118;61;0;369
SUNY at Albany      ;1;2835;NY;I;580;506;1086;;520;620;450;550;;;13528;9198;1843;16;61;10168;1231;2650;6550;4355;2950;1405;295;700;1560;93;96;17,4;16;9075;74;732;526;407;576;934;679;524;739;260;217;125;0;638
SUNY at Binghamton  ;1;2836;NY;I;615;533;1148;26;570;670;480;580;;;14463;6166;1757;60;94;8544;671;2650;6550;4598;2690;1908;360;700;1000;83;;18;15;8055;80;705;511;407;555;902;665;528;716;172;175;82;0;460
SUNY at Stony Brook ;1;2838;NY;I;542;464;1006;;480;595;410;510;;;12512;6969;1724;27;66;9744;1351;2650;6550;4712;4712;;295;600;1200;91;96;10,5;7;13705;57;755;534;414;589;961;688;526;751;346;216;183;24;801
Syracuse University ;2;2882;NY;I;;;;;520;640;450;560;;;10477;7260;2442;28;67;10142;117;15150;15150;6870;3620;3250;360;635;960;73;84;11,3;13;14231;67;648;475;394;526;851;645;528;701;371;301;205;10;891
University of Roches;2;2894;NY;I;;;;;550;670;470;590;23;29;8766;5498;1243;56;75;5071;438;17840;17840;6582;3978;2604;410;500;882;93;99;5,9;23;26037;80;747;520;434;611;895;626;520;733;252;130;110;7;508
Duke University     ;2;2920;NC;I;687;615;1302;30;640;740;570;670;28;32;13789;3893;1583;90;98;6188;53;18590;18590;5950;2996;2954;480;625;1162;95;96;5;44;27206;97;854;584;459;699;1055;728;553;862;330;149;141;0;620
North Carolina State;1;2972;NC;I;578;493;1071;;510;630;440;530;;;10634;7064;3176;39;78;16505;5481;874;8400;6540;1640;1900;710;600;1300;92;98;17,5;21;9670;62;665;475;417;505;797;578;508;610;463;345;200;12;1235
University of North ;1;2974;NC;I;594;527;1121;;530;530;460;570;;;14596;5985;3331;75;92;14609;1100;874;8400;4200;2040;2160;606;550;1200;88;93;8,9;23;15893;83;701;512;410;565;837;620;498;678;572;329;212;18;1268
University of North ;1;2976;NC;I;499;457;956;;450;550;400;500;;;5191;4134;1500;15;44;7532;1847;931;8677;3505;1715;1790;958;600;1300;75;94;15,5;17;7392;53;610;443;377;435;735;540;461;529;140;178;135;8;572
University of North ;1;3005;ND;I;535;465;1000;23;460;610;390;520;19;25;2777;2249;1652;20;54;8334;1435;2110;5634;2703;1033;1670;318;450;1200;97;97;15,9;16;9424;49;460;391;345;379;572;489;431;473;130;124;163;27;472
Bowling Green State ;1;3018;OH;I;497;449;946;22;430;550;390;500;20;24;9251;7333;3076;14;45;13699;1213;3070;7452;3352;1968;1384;660;600;1700;81;89;21,1;14;6918;67;620;481;394;483;817;644;530;643;226;212;180;65;690
Case Western Reserve;2;3024;OH;I;;;;;600;740;490;640;26;32;3877;3156;713;71;93;3051;513;15700;15700;4730;2960;1770;125;525;1460;95;95;2,9;29;19733;67;754;518;470;585;948;663;600;744;213;133;126;58;530
Kent State Universit;1;3051;OH;I;462;424;886;21;390;520;360;480;18;23;9210;3040;7425;10;30;15615;3230;3927;7854;3666;;;;500;1350;81;86;20,8;;6397;46;654;473;389;502;810;602;505;636;221;244;203;14;682
Ohio University     ;1;3100;OH;I;520;473;993;24;460;580;420;530;21;26;11023;8298;3183;21;54;14861;1310;3552;7629;4095;2013;2082;357;550;2300;79;87;20,4;13;8811;64;632;486;393;512;786;618;512;648;248;241;192;4;687
University of Akron ;1;3123;OH;I;467;413;880;20;399;599;349;475;17;23;6305;5190;3211;;;12487;9295;2888;7650;3844;2454;1390;304;550;2100;71;80;16,7;18;6025;43;577;448;387;479;718;567;497;603;278;253;147;39;717
University of Cincin;1;3125;OH;I;533;464;997;23;460;610;400;520;20;26;6855;5553;2408;26;57;11036;2011;3234;8907;4697;2703;1994;498;556;1851;89;95;10,8;6;13889;54;666;483;393;535;856;622;506;688;447;410;244;12;1113
University of Toledo;1;3131;OH;I;504;447;951;20;430;640;390;560;19;25;3055;2959;1527;;;15428;5370;2693;7441;3719;2564;1155;706;550;500;81;83;20,4;5;6124;48;608;457;379;486;750;572;481;607;217;152;167;20;556
Oklahoma State Unive;1;3170;OK;I;540;477;1017;24;470;610;420;540;21;26;4522;3913;2181;29;57;12830;1658;1889;5336;3344;1758;1588;40;800;3100;84;92;15,3;14;6433;48;532;409;373;449;655;509;460;555;342;247;181;11;794
University of Oklaho;1;3184;OK;I;;;;24;;;;;21;27;4743;3970;2233;32;63;13436;2582;1737;5173;3526;;;166;765;3176;86;90;11,5;11;10244;44;600;445;368;470;752;563;468;593;286;225;236;24;778
Oregon State Univers;1;3210;OR;I;522;443;965;22;445;585;382;502;18;26;4675;3948;1637;;;10332;929;2841;7890;3444;1388;2056;50;543;2244;88;88;13,9;;9383;45;597;473;400;475;762;615;522;615;206;209;133;46;622
Portland State Unive;1;3216;OR;I;484;416;900;22;410;550;350;480;19;23;1623;1574;837;;;6194;4992;;;4365;2565;1800;;750;1098;78;78;20;18;6618;24;544;437;382;474;693;564;498;609;205;113;77;16;411
University of Oregon;1;3223;OR;I;;;;;470;600;430;540;;;8631;6732;2546;25;61;11669;1605;3090;10602;3660;;;;570;1530;79;87;19,7;13;8020;54;597;446;375;459;762;579;488;594;240;182;152;89;671
Carnegie Mellon Univ;2;3242;PA;I;679;555;1234;28;630;740;500;620;26;31;8728;5201;1191;60;89;4265;291;17900;17900;5690;3520;2170;;450;1250;86;93;9,2;31;24386;74;829;566;499;678;994;691;617;820;256;138;125;4;523
Drexel University   ;2;3256;PA;I;550;465;1015;;480;610;410;520;;;3451;2934;1118;23;50;5306;1963;12348;12348;6180;3630;2550;728;500;2280;;84;13,1;18;9583;61;674;496;459;568;843;619;570;709;153;114;73;0;341
Lehigh University   ;2;3289;PA;I;;;;;570;680;460;570;;;6397;4304;1092;40;84;4298;132;18700;18700;5580;3160;2420;250;750;1130;96;99;12,5;43;14665;91;757;543;448;635;955;700;568;805;216;118;77;4;416
Temple University   ;1;3371;PA;I;508;455;963;;456;564;412;511;;;7987;5145;2399;15;37;14726;4666;5314;10096;5282;3492;1790;150;600;3324;87;;11,2;;12231;45;736;579;454;606;913;724;568;755;490;332;291;37;1150
University of Pennsy;2;3378;PA;I;680;594;1274;29;640;730;550;650;27;31;12394;5232;2464;85;;9205;531;17020;17020;7270;3700;3570;1836;500;1544;95;96;6,3;38;25765;93;881;622;532;744;1086;831;712;945;541;240;212;0;993
University of Pittsb;1;3379;PA;I;537;480;1017;;480;590;420;530;;;8586;6383;2503;25;59;13138;4289;4962;10786;4560;2760;1800;454;400;900;93;93;7,8;10;13789;66;736;516;421;547;910;653;537;688;427;402;373;63;1325
Brown University    ;2;3401;RI;I;680;620;1300;28;640;730;570;680;26;32;12586;3239;1462;87;95;5643;349;19528;19528;5926;3574;2352;650;720;1100;99;;7,6;39;20440;97;752;515;433;625;956;659;554;797;286;;111;0;514
University of Rhode ;1;3414;RI;I;515;449;964;;460;560;400;490;;;9643;7751;1968;12;40;8894;2456;3004;10330;5558;3168;2390;1238;500;1250;84;89;16,6;7;9158;63;630;473;416;541;813;622;548;703;334;187;135;3;659
Clemson University  ;1;3425;SC;I;565;487;1052;;530;620;430;510;;;8065;5257;2301;37;65;11755;770;3036;8116;3610;1890;1720;;800;1618;82;88;18;17;7597;73;602;441;375;466;728;544;465;571;296;224;191;42;801
University of South ;1;3448;SC;I;520;465;985;22;460;580;400;520;19;25;7693;5815;2328;30;66;12594;3661;3196;8074;3522;3522;;;495;2941;84;88;16,9;18;8246;63;585;436;385;475;705;532;472;577;417;335;194;60;1034
University of Memphi;1;3509;TN;I;;;;22;;;;;20;26;3921;2557;1691;;;10621;4864;1974;5908;2500;1633;;68;500;900;77;80;16,9;11;6578;33;558;425;376;443;674;522;464;542;264;194;193;71;722
University of Tennes;1;3530;TN;I;525;468;993;23;460;590;410;530;21;26;7473;5372;3013;27;53;15749;3237;1830;5764;3262;1584;1678;222;750;3300;86;92;16,5;22;8612;53;600;454;402;501;756;570;500;630;535;325;202;65;1139
Vanderbilt Universit;2;3535;TN;I;640;559;1199;28;590;690;510;610;26;30;7791;4690;1499;71;92;5500;90;17865;17865;6525;4132;2393;964;630;952;93;98;5,8;26;23850;83;807;522;432;612;988;651;538;756;289;160;177;9;657
University of North ;1;3594;TX;I;526;467;993;23;460;590;420;520;20;24;4418;2737;2049;23;51;14047;5134;672;4104;3579;1840;1739;650;450;1700;86;94;22,6;6;5657;35;551;443;382;448;674;550;479;555;249;203;234;5;751
Rice University     ;2;3604;TX;I;;;;;665;763;592;708;;;7935;1514;633;87;95;2674;;9950;9950;5725;3100;2625;365;525;1330;91;;8,6;39;22836;91;809;548;481;663;992;682;593;816;224;89;91;8;422
Southern Methodist U;2;3613;TX;I;;;;;;;;;22;27;4301;3455;1166;41;69;4892;387;12772;12772;5078;2652;2426;;576;1802;74;88;13,5;17;12726;72;733;505;463;550;918;636;570;687;158;154;135;5;483
Texas Christian Univ;2;3636;TX;I;;;;;460;600;420;540;21;27;4095;3079;1195;33;64;5064;660;8490;8490;3320;1920;1400;990;650;2400;81;93;14,8;23;9158;64;654;477;423;511;811;599;518;632;107;109;99;9;336
Texas Southern Unive;1;3642;TX;I;390;420;810;19;;;;;;;4345;3245;2604;15;85;5584;3101;780;7860;3360;1680;1680;;600;1700;65;75;18,2;21;3605;10;551;455;366;423;684;573;469;535;83;82;104;50;331
Texas Tech Universit;1;3644;TX;I;526;456;982;23;460;590;400;510;20;25;6334;5051;2957;25;58;16785;2780;780;4860;3688;3688;;838;530;;82;92;24,7;24;5449;41;610;429;363;468;762;550;472;595;270;216;220;14;742
Texas Womans Univer;1;3646;TX;I;;;;;350;480;320;440;16;21;989;777;474;;;3791;1961;647;2279;2942;1502;1440;140;700;1200;67;70;14,3;6;6637;35;499;401;342;396;623;507;438;501;93;107;101;40;353
University of Housto;1;3652;TX;I;537;447;984;22;;;;;;;6233;3990;2150;32;65;15340;9355;672;4104;3980;;;690;600;;;;14,6;13;6895;32;681;462;398;520;836;585;510;651;341;288;238;24;903
University of Texas ;1;3656;TX;I;506;434;940;21;450;580;385;520;19;24;3281;2559;1448;19;43;10975;8431;1206;4422;2780;1440;1340;;500;2850;73;73;21;4;4696;29;581;438;395;455;724;557;506;577;185;224;137;0;608
University of Texas ;1;3658;TX;I;603;523;1126;25;546;670;466;588;23;28;14752;9572;5329;48;85;30017;5189;840;5130;3309;1733;1576;1068;650;3140;91;99;19,7;11;7837;65;732;476;432;577;888;599;548;713;997;439;480;30;2099
Brigham Young Univer;2;3670;UT;I;;;;;;;;;24;29;7365;5402;4615;48;82;27378;1253;2340;2340;3580;2112;1468;;860;1220;76;76;20,5;40;7916;33;661;504;431;543;851;668;577;711;577;382;304;49;1372
University of Utah  ;1;3675;UT;I;543;484;1027;24;450;620;410;550;21;26;5095;4491;2400;27;53;13894;8374;1954;6857;3975;1550;2425;427;858;3093;89;93;12,8;9;9275;37;615;432;383;498;792;574;514;652;388;231;216;25;860
Utah State Universit;1;3677;UT;I;520;480;1000;22;390;560;400;500;19;26;4281;3825;2426;26;53;10657;4257;1650;5775;3315;1335;1980;363;700;1460;83;93;18,7;10;7462;;518;403;364;420;688;546;497;567;199;165;158;20;583
University of Vermon;1;3696;VT;I;553;488;1041;;500;610;440;540;;;7663;6008;1735;18;51;7353;1674;6210;15516;4928;3148;1780;442;500;990;87;90;9,9;10;12646;79;606;450;370;458;770;586;486;592;175;174;115;0;555
College of William a;1;3705;VA;I;640;600;1240;;590;700;540;650;;;7117;3106;1217;68;88;5186;134;2808;11720;4298;2318;1980;1748;600;800;89;92;12,1;31;9534;93;679;499;382;525;827;621;484;650;185;132;123;30;470
Old Dominion Univers;1;3728;VA;I;494;440;934;;430;550;390;490;;;4569;3110;1251;18;39;8346;2501;3854;9464;4540;;;74;600;;79;86;15,1;17;6727;45;595;451;370;446;731;564;468;557;165;228;156;52;643
Virginia Commonwealt;1;3735;VA;I;488;449;937;;420;550;390;510;;;4963;3497;1567;18;45;10262;5065;3034;10217;4182;1620;2562;880;500;3630;81;87;8,7;11;11183;45;610;492;404;491;753;611;501;609;220;310;211;43;784
George Mason Univers;1;3749;VA;I;;;;;470;570;420;520;;;5653;4326;1727;17;29;9528;3822;4044;10800;4840;3150;1690;25;580;1050;93;96;19,3;7;6751;46;753;524;445;568;909;650;550;696;210;266;156;43;675
Virginia Tech       ;1;3754;VA;I;;;;;529;640;440;550;;;15712;11719;4277;29;53;18511;604;3926;10260;3176;;;;740;2200;85;89;13,8;20;8944;73;655;467;404;519;802;582;506;641;598;526;270;91;1485
University of Washin;1;3798;WA;I;;;;;500;640;420;550;22;27;12749;7025;3343;40;81;20356;4582;2907;8199;4218;;;;708;2172;96;94;9;10;16527;65;683;485;421;555;838;606;524;687;893;472;352;11;1906
Washington State Uni;1;3800;WA;I;;;;;430;560;370;480;;;6540;5839;2440;31;70;14445;1344;2907;8200;4210;3910;;160;800;2719;84;87;16,9;30;10912;56;597;447;393;470;734;559;488;584;337;281;279;62;965
West Virginia Univer;1;3827;WV;I;507;439;946;22;450;560;380;490;20;24;9630;7801;2881;23;49;14524;1053;2128;6370;4310;2284;2026;;;;83;86;13,4;;8318;57;535;431;361;439;642;521;438;529;335;237;272;22;895
Marquette University;2;3863;WI;I;561;492;1053;25;500;630;440;540;23;28;5152;4600;1685;36;71;7016;804;11610;11610;4760;;4760;150;600;1950;86;94;13,5;25;9982;77;705;521;426;527;884;662;525;662;94;238;151;0;483
University of Wiscon;1;3895;WI;I;;;;;510;660;430;570;23;28;14901;10932;4631;36;80;23945;2200;2737;9096;4290;2050;2240;;535;1545;93;96;11,5;20;11006;72;666;498;439;573;831;628;566;721;918;287;360;30;1641
University of Wiscon;1;3896;WI;I;;;;22;;;;;21;25;5244;3782;1930;12;37;11561;7443;2771;8786;2964;1964;1000;;570;1980;79;87;15,9;8;8094;38;604;465;421;495;761;598;544;632;267;306;192;2;797
University of Minnes;1;3969;MN;I;568;484;1052;23;500;650;420;550;20;26;11054;6397;3524;26;55;16502;21836;3171;8949;3744;1498;2246;414;714;2910;88;90;12,2;37;16122;45;662;468;418;557;842;613;552;719;785;468;271;12;1538
Ohio State Universit;1;6883;OH;I;;;;;450;610;400;530;20;26;15076;12860;5330;24;52;31039;6005;3087;9315;4484;;;;525;2550;;95;13,1;17;10900;56;703;491;415;555;846;603;516;676;758;679;443;30;1910
Rutgers at New Bruns;1;6964;NJ;I;594;513;1107;;530;660;460;570;;;48094;26330;4520;36;79;21401;3712;3640;7410;4748;2780;1986;1003;690;2009;90;95;19,5;19;10474;77;846;611;478;665;1045;780;624;838;601;393;258;90;1374
Pennsylvania State U;1;6965;PA;I;583;500;1083;;530;651;450;560;;;19315;10344;3450;48;93;28938;2025;4966;10645;4060;1840;2220;70;512;2394;77;96;18,1;19;8992;63;721;509;417;522;887;642;525;652;622;449;427;160;1799
Baylor University   ;2;6967;TX;I;;;;;500;620;430;540;21;25;6075;5349;2367;34;66;9919;484;6450;6450;3920;2230;1690;570;600;1346;71;76;18,5;38;7503;72;619;474;397;476;791;610;504;607;226;131;103;7;601
University of Virgin;1;6968;VA;I;;;;;590;710;520;630;;;15849;5384;2678;74;95;11278;114;3724;12212;3792;1816;1976;756;500;1000;90;92;9,5;22;13597;95;777;517;430;610;953;653;545;757;445;277;201;18;973
Miami University at ;1;7104;OH;I;;;;;540;640;470;560;23;27;9239;7788;3290;35;39;13606;807;3740;8856;3960;1860;2100;798;500;1382;81;89;17,6;20;7846;85;616;474;376;478;797;614;487;619;258;225;219;60;763
University of Michig;1;9092;MI;I;634;543;1177;27;580;700;490;600;25;30;19152;12940;4893;66;92;22045;1339;5040;15732;4659;;;175;476;1600;90;98;11,5;26;14847;87;777;577;460;605;955;731;595;760;850;419;472;9;1968
SUNY at Buffalo     ;1;9554;NY;I;572;480;1052;;550;650;450;550;;;15039;9649;3087;36;;13963;3124;2650;6550;4731;4731;;424;708;957;90;97;13,6;15;11177;56;762;548;423;601;970;704;534;767;400;338;218;9;982
Indiana State Univer;1;9563;IN;I;434;391;825;20;360;500;330;450;17;22;5659;4761;3147;10;31;8596;1949;2802;6892;3706;;;;600;2500;72;76;16,6;8;6996;40;500;394;343;423;647;513;438;545;248;133;151;16;548
University of Texas ;1;9741;TX;I;632;556;1188;27;580;690;480;640;24;30;1089;780;410;46;79;2106;2919;784;4536;4953;;;724;645;2979;91;96;20,8;;9094;;661;505;451;557;810;634;571;692;89;58;59;1;207
University of South ;1;10300;SD;I;;;;22;;;;;;;2160;2031;1268;15;39;5368;1066;1454;3811;2620;1208;1412;1125;675;1118;71;79;14,6;28;6456;;480;364;340;362;570;438;410;436;88;75;134;55;352
Univ. of New Mexico-;1;10313;NM;I;;;;22;430;580;390;530;19;24;3871;3349;1891;27;53;12257;5264;1884;7115;3516;;;420;584;500;91;88;14,3;;8209;34;579;431;379;466;693;521;459;561;314;268;195;0;837
Texas A&M Univ. at C;1;10366;TX;I;578;491;1069;25;510;640;430;550;22;27;14474;10519;6392;49;85;31643;2798;840;5130;3412;1772;1640;751;600;2144;89;91;23,1;29;8471;69;645;460;394;505;798;587;509;637;652;424;305;2;1546
